	Positions in the plot:
		Position #1:
			latitude = 34° 23.300000000000125055521493777633'
			longitude = 326° 14.600000000000363797880709171295'
			label = 2021-12-06 10:13:22
