	Positions in the plot:
		Position #1:
			latitude = 44° 4.000000000000198951966012828052'
			longitude = 336° 56.999999999999317878973670303822'
			label = 2021-12-06 10:21:37
