	Positions in the plot:
		Position #1:
			latitude = 44° 4.000000000000198951966012828052'
			longitude = 336° 57.999999999998408384271897375584'
			label = 2021-12-06 10:20:07
