	Positions in the plot:
		Position #1:
			latitude = 34° 56.889999999999929514160612598062'
			longitude = 292° 25.009999999999763531377539038658'
			label = 2021-12-06 10:08:24
