	Positions in the plot:
		Position #1:
			latitude = 4° 2.9999999999999893418589635984972'
			longitude = 4° 2.9999999999999893418589635984972'
			label = 20/2/2121
