	Points in the plot:
		Point #1:
			latitude = 44° 4.000000000000198951966012828052'
			longitude = 3° 4.0000000000000124344978758017533'
			label = 2021-09-30 15:10:02
