	Positions in the plot:
		Position #1:
			latitude = 33° 2.9999999999998294697434175759554'
			longitude = 3° 2.9999999999999893418589635984972'
			label = 4235
