	Positions in the plot:
		Position #1:
			latitude = 34° 3.3253999999998029579728608950973'
			longitude = 325° 56.649999999999636202119290828705'
			label = 2022-01-24 19:13:52
