GPVAL_X_MIN = -0.157632320275955
GPVAL_X_MAX = 0.592481103410342
GPVAL_Y_MIN = 0.455340892037172
GPVAL_Y_MAX = 1.3483320423343
