GPVAL_X_MIN = -3.12469204866631
GPVAL_X_MAX = 3.12320851880212
GPVAL_Y_MIN = -2.41322424777009
GPVAL_Y_MAX = 2.52952420744352
