<<<<<<< HEAD
GPVAL_X_MIN = -0.157632320275955
GPVAL_X_MAX = 0.592481103410342
GPVAL_Y_MIN = 0.455340892037172
GPVAL_Y_MAX = 1.3483320423343
=======
GPVAL_X_MIN = -3.12469204866631
GPVAL_X_MAX = 3.12320851880212
GPVAL_Y_MIN = -2.41322424777009
GPVAL_Y_MAX = 2.52952420744352
>>>>>>> include_route_circle_of_equal_altitude
