GPVAL_X_MIN = -3.12469204866631
GPVAL_X_MAX = 3.12320851880212
GPVAL_Y_MIN = -0.757640357954378
GPVAL_Y_MAX = 2.52952420744352
