GPVAL_X_MIN = -0.0436360007261227
GPVAL_X_MAX = 0.238105969077428
GPVAL_Y_MIN = 0.831079739594343
GPVAL_Y_MAX = 1.0270249381894
minimal longitude = 2째 30'
maximal longitude = 346째 21'
minimal latitude = 42째 56'
maximal_latitude = 50째 36'

