BGC = 48째 51.327167' N 2째 24.4345'E
MP = 48째 51.309167' N 2째 24.584333' E
