area = 6.48537069911581
M = 500

area = 0.349981704885313
M = 200

area = 0.00414112719437455
M = 10

area = 0.000244839425724605
M = 1
